1993.042, -48.10
1993.125, -49.80
1993.208, -41.40
1993.292, -47.40
1993.375, -42.70
1993.458, -47.40
1993.542, -42.60
1993.625, -45.00
1993.708, -41.70
1993.792, -45.30
1993.875, -45.60
1993.958, -43.40
1994.042, -43.80
1994.125, -46.40
1994.208, -37.60
1994.292, -41.00
1994.375, -45.30
1994.458, -45.20
1994.542, -45.00
1994.625, -41.90
1994.708, -44.90
1994.792, -41.80
1994.875, -49.60
1994.958, -42.50
1995.042, -44.30
1995.125, -40.10
1995.208, -40.00
1995.292, -37.60
1995.375, -45.60
1995.458, -39.90
1995.542, -45.90
1995.625, -38.20
1995.708, -39.80
1995.792, -37.70
1995.875, -43.00
1995.958, -37.20
1996.042, -46.60
1996.125, -34.50
1996.208, -39.30
1996.292, -35.40
1996.375, -36.90
1996.458, -33.70
1996.542, -33.10
1996.625, -33.50
1996.708, -34.00
1996.792, -25.70
1996.875, -30.50
1996.958, -39.00
1997.042, -35.90
1997.125, -37.20
1997.208, -31.80
1997.292, -35.20
1997.375, -30.50
1997.458, -32.90
1997.542, -25.00
1997.625, -27.90
1997.708, -20.60
1997.792, -28.50
1997.875, -25.80
1997.958, -34.10
1998.042, -25.70
1998.125, -27.20
1998.208, -20.90
1998.292, -24.60
1998.375, -23.00
1998.458, -28.20
1998.542, -22.00
1998.625, -25.60
1998.708, -23.30
1998.792, -23.50
1998.875, -25.60
1998.958, -25.10
1999.042, -24.10
1999.125, -21.80
1999.208, -26.30
1999.292, -25.40
1999.375, -29.30
1999.458, -27.10
1999.542, -26.80
1999.625, -22.50
1999.708, -26.90
1999.792, -17.20
1999.875, -28.20
1999.958, -17.80
2000.042, -24.20
2000.125, -17.90
2000.208, -22.30
2000.292, -20.50
2000.375, -27.30
2000.458, -20.90
2000.542, -26.60
2000.625, -19.10
2000.708, -21.80
2000.792, -15.00
2000.875, -22.00
2000.958, -20.90
2001.042, -19.80
2001.125, -18.40
2001.208, -16.60
2001.292, -17.50
2001.375, -19.00
2001.458, -18.80
2001.542, -14.00
2001.625, -17.70
2001.708, -10.00
2001.792, -17.40
2001.875, -13.40
2001.958, -20.00
2002.042, -14.30
2002.125, -14.20
2002.208, -14.70
2002.292, -15.60
2002.375, -14.20
2002.458, -16.60
2002.542, -11.20
2002.625,  -8.70
2002.708, -12.00
2002.792,  -9.20
2002.875, -13.80
2002.958, -13.40
2003.042, -12.10
2003.125,  -9.50
2003.208, -10.30
2003.292, -11.70
2003.375, -11.60
2003.458, -14.40
2003.542, -12.40
2003.625, -11.90
2003.708,  -7.10
2003.792,  -9.70
2003.875, -11.60
2003.958, -11.40
2004.042,  -7.50
2004.125,  -9.60
2004.208,  -7.60
2004.292,  -8.80
2004.375, -10.90
2004.458, -11.00
2004.542,  -8.10
2004.625,  -9.20
2004.708,  -5.80
2004.792, -10.00
2004.875, -10.80
2004.958,  -7.30
2005.042,  -8.50
2005.125,  -5.60
2005.208,  -4.30
2005.292,  -7.10
2005.375,  -6.60
2005.458,  -5.80
2005.542,  -5.60
2005.625,  -5.00
2005.708,  -4.20
2005.792,  -4.20
2005.875,  -2.50
2005.958,  -1.90
2006.042,  -6.50
2006.125,  -3.10
2006.208,  -4.10
2006.292,  -4.20
2006.375,  -4.90
2006.458,  -3.60
2006.542,  -2.50
2006.625,  -2.20
2006.708,  -1.50
2006.792,  -1.00
2006.875,  -5.80
2006.958,  -2.90
2007.042,  -6.10
2007.125,  -3.70
2007.208,  -3.50
2007.292,   0.40
2007.375,  -4.10
2007.458,  -4.20
2007.542,  -5.10
2007.625,  -3.10
2007.708,  -3.40
2007.792,  -2.60
2007.875,  -0.10
2007.958,  -3.70
2008.042,  -0.50
2008.125,  -2.80
2008.208,   1.60
2008.292,  -0.60
2008.375,   4.90
2008.458,   2.20
2008.542,   2.90
2008.625,   2.10
2008.708,   4.30
2008.792,   3.20
2008.875,   4.30
2008.958,   3.00
2009.042,   7.40
2009.125,   6.50
2009.208,   3.00
2009.292,   6.80
2009.375,   5.00
2009.458,   6.90
2009.542,   5.50
2009.625,   4.50
2009.708,   3.60
2009.792,   7.40
2009.875,   9.90
2009.958,  12.20
2010.042,  12.70
2010.125,   7.90
2010.208,   8.00
2010.292,   7.90
2010.375,   9.00
2010.458,  10.00
2010.542,  11.70
2010.625,   7.90
2010.708,   6.00
2010.792,   4.00
2010.875,   8.70
2010.958,   8.60
2011.042,   9.90
2011.125,   7.40
2011.208,   6.70
2011.292,   3.00
2011.375,   6.00
2011.458,   5.00
2011.542,   8.70
2011.625,   4.50
2011.708,   8.30
2011.792,   6.60
2011.875,  12.80
2011.958,  12.00
2012.042,  16.30
2012.125,  19.30
2012.208,  16.30
2012.292,  15.50
2012.375,  14.90
2012.458,  16.50
2012.542,  18.30
2012.625,  19.50
2012.708,  16.40
2012.792,  18.40
2012.875,  21.20
2012.958,  24.40
2013.042,  26.10
2013.125,  25.70
2013.208,  21.50
2013.292,  24.10
2013.375,  20.90
2013.458,  21.90
2013.542,  19.10
2013.625,  19.90
2013.708,  15.40
2013.792,  18.40
2013.875,  20.20
2013.958,  25.20
2014.042,  23.90
2014.125,  24.50
2014.208,  23.90
2014.292,  24.70
2014.375,  22.30
2014.458,  22.40
2014.542,  23.20
2014.625,  23.40
2014.708,  24.00
2014.792,  22.80
2014.875,  27.10
2014.958,  26.10
2015.042,  33.10
2015.125,  30.00
2015.208,  33.40
2015.292,  30.60
2015.375,  33.30
2015.458,  30.70
2015.542,  34.60
2015.625,  32.20
2015.708,  34.60
2015.792,  35.50
2015.875,  40.70
2015.958,  40.50
2016.042,  41.80
2016.125,  40.40
2016.208,  39.70
2016.292,  38.80
2016.375,  37.00
2016.458,  39.30
2016.542,  39.70
2016.625,  36.40
2016.708,  37.50
2016.792,  36.40
2016.875,  40.80
2016.958,  38.90
2017.042,  37.60
2017.125,  35.30
2017.208,  38.60
2017.292,  39.90
2017.375,  38.30
2017.458,  38.80
2017.542,  41.20
2017.625,  42.50
2017.708,  42.60
2017.792,  40.80
2017.875,  44.50
2017.958,  43.40
2018.042,  42.30
2018.125,  41.50
2018.208,  43.20
2018.292,  39.00
2018.375,  43.60
2018.458,  42.30
2018.542,  45.70
2018.625,  43.90
2018.708,  47.60
2018.792,  47.10
2018.875,  46.80
2018.958,  45.30
2019.042,  48.10
2019.125,  48.30
2019.208,  50.70
2019.292,  48.40
2019.375,  51.10
2019.458,  51.00
2019.542,  52.40
2019.625,  54.30
2019.708,  53.50
2019.792,  52.40
2019.875,  52.30
2019.958,  53.10
2020.042,  49.50
2020.125,  53.70
2020.208,  51.00
2020.292,  52.80
2020.375,  52.70
2020.458,  54.40
2020.542,  55.20
